1111111111111111111111111111111111111111111111111111111111111111
1111111111111111111111111111111111111111111111111111111111111111
1111111111111111111111111111111111111111111111111111111111111111
1111111111110000000000000000000000000000000000000001111111111111
1111111111100000000000000000000000000000000000000000011111111111
1111111111000000000000000000000000000000000000000000001111111111
1111111110000000000000000000000000000000000000000000000111111111
1111111100000111111111111111111111111111111111111110000011111111
1111111100001111111111111111111111111111111111111111000011111111
1111111000011100000000000000000000000000000000000011100001111111
1111111000100000000000000000000000000000000000000000110001111111
1111111000000000000000000000000000000000000000000000000001111111
1111111000000000000000000000000000000000000000000000000001111111
1111111000000000000000000000000000000000000000000000000001111111
1111111000000000000000000000000000000000000000000000000001111111
1111111000000000000000000000000000000000000000000000000001111111
1110011000000000000000000000000000000000000000000000000001111111
1000011000000000000000000000000000000000000000000000000001111111
1000011111110000000000000000000000000000000000000000000001100111
1000011111111000000000000000000000000000000000000000000001100011
1000000000111100000000000000000000000000000000000000000001100001
1000000000011100000000000000000000000000000000000000000001100001
1000000000011000000000000000000111100000000000000000000001100001
1100000000011000000000000000000111100000000000000000000001100001
1111111000000000000000000000000111100000000000000000000001100001
1111111000000000000000000000001111111110000000000000000001100001
1111111000000000000000000001111111111111100000000000000001100001
1111111000000000000000000011111111111111000000000000000001100001
1111111000000000000000000111111111111111000000000000000001100001
1110011000000000000000000111111000000000000000000000000001100011
1100011000000000000000000111110000000000000000000000000001100111
1000011111110000000000000111111000000000000000000000000001111111
1000011111111000000000000111111110000000000000000000000001111101
1000000000111100000000000011111111110000000000000000000001100001
1000000000011100000000000001111111111100000000000000000001100001
1000000000011000000000000000011111111111000000000000000001100001
1100000000011000000000000000000111111111100000000000000001100001
1111111000000000000000000000000000111111100000000000000001100001
1111111000000000000000000000000000001111110000000000000001100001
1111111000000000000000000000000000001111110000000000000001100001
1111111000000000000000000000000000001111110000000000000001100011
1111111000000000000000000111100000111111100000000000000001101111
1110011000000000000000000111111111111111100000000000000001111111
1000011000000000000000001111111111111111000000000000000001111001
1000011111110000000000000011111111111100000000000000000001100001
1000011111111000000000000000000111100000000000000000000001100001
1000000000111100000000000000000111100000000000000000000001100001
1000000000011100000000000000000111100000000000000000000001100001
1000000000011000000000000000000000000000000000000000000001100001
1110000000011000000000000000000000000000000000000000000001100001
1111111000000000000000000000000000000000000000000000000001100001
1111111000000000000000000000000000000000000000000000000001100011
1111111000000000000000000000000000000000000000000000000001111111
1111111000000000000000000000000000000000000000000000000001111111
1111111000000000000000000000000000000000000000000000000001111111
1111111100000000000000000000000000000000000000000000000011111111
1111111100000000000000000000000000000000000000000000000011111111
1111111110000000000000000000000000000000000000000000000111111111
1111111111000000000000000000000000000000000000000000001111111111
1111111111100000000000000000000000000000000000000000011111111111
1111111111110000000000000000000000000000000000000001111111111111
1111111111111111111111111111111111111111111111111111111111111111
1111111111111111111111111111111111111111111111111111111111111111
1111111111111111111111111111111111111111111111111111111111111111

