1111111111111111111111111111111001111111111111111111111111111111
1111111111111111111111111111110000111111100000000011111111111111
1111111111111111111111111111100000011111000000000001111111111111
1111111111111111111111111111000000001111000000000001111111111111
1111111111111111111111111110000000000111000000000001111111111111
1111111111111111111111111000000000000001000000000001111111111111
1111111111111111111111110000000000000000000000000001111111111111
1111111111111111111111100000000000000000000000000001111111111111
1111111111111111111111000000000000000000000000000001111111111111
1111111111111111111110000000000000000000000000000001111111111111
1111111111111111111100000000000000000000000000000001111111111111
1111111111111111110000000000000000000000000000000001111111111111
1111111111111111100000000000000000000000000000000001111111111111
1111111111111111000000000000000000000000000000000001111111111111
1111111111111110000000000000000000000000000000000001111111111111
1111111111111100000000000000000000000000000000000001111111111111
1111111111111000000000000000000000000000000000000001111111111111
1111111111100000000000000000000000000000000000000000111111111111
1111111111000000000000000000000000000000000000000000001111111111
1111111110000000000000000000000000000000000000000000000111111111
1111111100000000000000000000000000000000000000000000000011111111
1111111000000000000000000000000000000000000000000000000001111111
1111110000000000000000000000000000000000000000000000000000111111
1111100000000000000000000000000000000000000000000000000000011111
1110000000000000000000000000000000000000000000000000000000000111
1100000000000000000000000000000000000000000000000000000000000011
1000000000000000000000000000000000000000000000000000000000000001
0000000000000000000000000000000000000000000000000000000000000000
0000000000000000000000000000000000000000000000000000000000000000
1111111111111111111111111111111111111111111111111111111111111111
1111111111000000000000000000000000000000000000000000001111111111
1111111110000000000000000000000000000000000000000000000111111111
1111111110000000000000000000000000000000000000000000000111111111
1111111110000000000000000000000000000000000000000000000111111111
1111111110000000000000000000000000000000000000000000000111111111
1111111110000000000000000000000000000000000000000000000111111111
1111111110000000000000000000000000000000000000000000000111111111
1111111110000000000000000000000000000000000000000000000111111111
1111111110000000000000000000000000000000000000000000000111111111
1111111110000000000000000000000000000000000000000000000111111111
1111111110000000001110011100000000000000000000000000000111111111
1111111110000000001110011100000000000000000000000000000111111111
1111111110000000001110011100000000000000000000000000000111111111
1111111110000000001110011100000000000000000000000000000111111111
1111111110000000000000000000000000001111111110000000000111111111
1111111110000000000000000000000000001111111110000000000111111111
1111111110000000000000000000000000001111111110000000000111111111
1111111110000000001110011100000000001111111110000000000111111111
1111111110000000001110011100000000001111111110000000000111111111
1111111110000000001110011100000000001111111110000000000111111111
1111111110000000001110011100000000001111111110000000000111111111
1111111110000000000000000000000000001111111110000000000111111111
1111111110000000000000000000000000001111111110000000000111111111
1111111110000000000000000000000000001111111110000000000111111111
1111111110000000000000000000000000001111111110000000000111111111
1111111110000000000000000000000000001111111110000000000111111111
1111111110000000000000000000000000001111111110000000000111111111
1111111110000000000000000000000000001111111110000000000111111111
1111111110000000000000000000000000001111111110000000000111111111
1111111110000000000000000000000000001111111110000000000111111111
1111111110000000000000000000000000001111111110000000000111111111
1111111110000000000000000000000000000000000000000000000111111111
1111111110000000000000000000000000000000000000000000000111111111
1111111110000000000000000000000000000000000000000000001111111111

