1111111111111111111111111111111111111111111111111111111111111111
1111111111111111111111111111110000011111111111111111111111111111
1111111111111111111111111110000000000011111111111111111111111111
1111111111111111111111111000000000000000111111111111111111111111
1111111111111111111111100000000000000000011111111111111111111111
1111111111111111111111000000000000000000001111111111111111111111
1111111111111111111110000000000000000000000111111111111111111111
1111111111111111111100000000000000000000000011111111111111111111
1111111111111111111000000000000000000000000001111111111111111111
1111111111111111110000000000000000000000000001111111111111111111
1111111111111111110000000000000000000000000000111111111111111111
1111111111111111100000000000000000010000000000111111111111111111
1111111111111111100000000000000111111100000000111111111111111111
1111111111111111100000001111111111111100000000111111111111111111
1111111111111111100000011111111111111110000000111111111111111111
1111111111111111100000111111111111111100000000111111111111111111
1111111111111111100000111111111111111100000000111111111111111111
1111111111111111100000111111111111111100000000011111111111111111
1111111111111111100000111111111111111110000000011111111111111111
1111111111111111100000111111111111111110000000011111111111111111
1111111111111111100000111111111111111000000000011111111111111111
1111111111111111100001111110111111100000000000001111111111111111
1111111111111111100001100000000111000000000000001111111111111111
1111111111111111110001000000000000000000000000001111111111111111
1111111111111111111100010000000000000110000000001111111111111111
1111111111111111111100000000001011000000000000001111111111111111
1111111111111111111100000110011011100011000000001111111111111111
1111111111111111111101011111111011100000000000001111111111111111
1111111111111111111101100100000111100011111100001111111111111111
1111111111111111111101111111111111100011111100001111111111111111
1111111111111111111111111111111111110001111100011111111111111111
1111111111111111111111111111111111110100011000111111111111111111
1111111111111111111110111110111111110000000000111111111111111111
1111111111111111111110111100111011100000000100111111111111111111
1111111111111111111111011100000000000000000100111111111111111111
1111111111111111111111011100001111100000000100111111111111111111
1111111111111111111111011100001111111100000000111111111111111111
1111111111111111111111101110111111111000000001111111111111111111
1111111111111111111111100110111111100000000001111111111111111111
1111111111111111111111110010111111111000000011111111111111111111
1111111111111111111111110000011111000000000011111111111111111111
1111111111111111111111111000001111111110000011111111111111111111
1111111111111111111110001000000111110000000111111111111111111111
1111111111111111111100001100000000000000000111111111111111111111
1111111111111111111100001110000000000000000111111111111111111111
1111111111111111111000001111000000000000000111111111111111111111
1111111111111111110000001111110000000000000011111111111111111111
1111111111111111100000001111111100000000000001111111111111111111
1111111111111111100000000111111111100000000000111111111111111111
1111111111111100000000000111111111111100000000000111111111111111
1111111111111000000000000011111111111100000000000001111111111111
1111111111100000000000000001111111111100000000000000011111111111
1111111110000000000000000000111111111000000000000000000011111111
1111111100000000000000000000011111111000000000000000000001111111
1111110000000000000000000000001111111000000000000000000000011111
1111000000000000000000000000000001111000000000000000000000001111
1100000000000000000000000000000000000000000000000000000000000111
1000000000000000000000000000000000000010000000000000000000000111
0000000000000000000000000000000000000010000000000000000000000011
0000000000000000000000000000000000000000000000000000000000000001
0000000000000000000000000000000000000000000000000000000000000001
0000000000000000000000000000000000000000000000000000000000000001
0000000000000000000000000000000000000000000000000000000000000000
0000000000000000000000000000000000000000000000000000000000000000

