1111111111111111111111111111111111111111111111111111111111111111
1111111111111111111111111111111111111111111111111111111111111111
1111111111111111111111111111111111111111111111111111111111111111
1111111111111111111111111111110000111111111111111111111111111111
1111111111111111111111111111100000011111111111111111111111111111
1111111111111111111111111111001111001111111111111111111111111111
1111111111111111111111111111011111101111111111111111111111111111
1111111111111000000000000000011001100000000000000001111111111111
1111111111110000000000000000011001100000000000000000111111111111
1111111111110011111111001111111111111111001111111100111111111111
1111111111110011101111001111111111111111001111111100111111111111
1111111111110011101111001111111111111111001111111100111111111111
1111111111110011111111100000000000000000011111111100111111111111
1111111111110011111111110000000000000000111111111100111111111111
1111111111110011101111111111111111111111111111111100111111111111
1111111111110011111111111111111111111111111111111100111111111111
1111111111110011111111111111111111111111111111111100111111111111
1111111111110011101111111111111111111111111111111100111111111111
1111111111110011111111111111111111111111111111111100111111111111
1111111111110011111111111111111111111111111111111100111111111111
1111111111110011101111111111111111111111111111111100111111111111
1111111111110011101111111111111111111111111111111100111111111111
1111111111110011111111111111111111111111111111111100111111111111
1111111111110011101111111111111111111111111111111100111111111111
1111111111110011101111000000011111111111111111111100111111111111
1111111111110011111111000000011111111111111111111100111111111111
1111111111110011101111001110011100000000000011111100111111111111
1111111111110011101111001110011100000000000011111100111111111111
1111111111110011111111001110011111111111111111111100111111111111
1111111111110011111111000000011111111111111111111100111111111111
1111111111110011101111111111111111111111111111111100111111111111
1111111111110011111111111111111111111111111111111100111111111111
1111111111110011111111111111111111111111111111111100111111111111
1111111111110011101111111111111111111111111111111100111111111111
1111111111110011111111111111111111111111111111111100111111111111
1111111111110011111111000000011111111111111111111100111111111111
1111111111110011101111000000011111111111111111111100111111111111
1111111111110011101111001110011111111111111111111100111111111111
1111111111110011111111001010011100000000000011111100111111111111
1111111111110011101111001110011111111111111111111100111111111111
1111111111110011101111000000011111111111111111111100111111111111
1111111111110011111111100000011111111111111111111100111111111111
1111111111110011101111111111111111111111111111111100111111111111
1111111111110011101111111111111111111111111111111100111111111111
1111111111110011111111111111111111111111111111111100111111111111
1111111111110011111111111111111111111111111111111100111111111111
1111111111110011101111111111111111111111111111111100111111111111
1111111111110011111111111111111111111111111111111100111111111111
1111111111110011111111111111111111111111111111111100111111111111
1111111111110011101111111111111111111111111111111100111111111111
1111111111110011111111111111111111111111111111111100111111111111
1111111111110011111111111111111111111111111111111100111111111111
1111111111110011101111111111111111111111111111111100111111111111
1111111111110011101111111111111111111111111111111100111111111111
1111111111110011111111111111111111111111111111111100111111111111
1111111111110000000000000000000000000000000000000000111111111111
1111111111111000000000000000000000000000000000000001111111111111
1111111111111111111111111111111111111111111111111111111111111111
1111111111111111111111111111111111111111111111111111111111111111
1111111111111111111111111111111111111111111111111111111111111111
1111111111111111111111111111111111111111111111111111111111111111
1111111111111111111111111111111111111111111111111111111111111111
1111111111111111111111111111111111111111111111111111111111111111
1111111111111111111111111111111111111111111111111111111111111111

